// memory data file (do not edit the following line - required for mem load use)
// instance=/t_Microprocessor/Microprocessor1/DP/RAM/Mem
// format=mti addressradix=d dataradix=b version=1.0 wordsperline=4
  0: 10000010 00010000 00100000 00100010
  4: 10001000 00010000 00100000 11011100
  8: 10010100 00010000 00000000 00000100
 12: 11000110 00000000 00000000 00001010
 16: 10010100 00000010 10100000 00000100
 20: 10000100 00000000 11000000 00000001
 24: 10001010 00010000 00000000 00000010
 28: 11001010 00100000 00000000 00001010
 32: 10010100 00000010 10100000 00000100
 36: 10001010 00100000 01000000 00000010
 40: 11001010 00100000 00000000 00001010
 44: 10010100 00000010 10100000 00000100
 48: 00001011 00001111 00001111 00000110
 52: 11001010 00100000 00000000 00001010
 56: 10010100 00000010 10100000 00000100
 60: 10001011 00111000 11100000 00000011
 64: 11001010 00100000 00000000 00001010
 68: 10010100 00000010 10100000 00000100
 72: 10001011 00101000 11100000 00000011
 76: 11001010 00100000 00000000 00001010
 80: 10010100 00000010 10100000 00000100
 84: 10001011 00110000 11100000 00000011
 88: 11001010 00100000 00000000 00001010
 92: 10010100 00000010 10100000 00000100
 96: 01000000 00000000 00000000 00000100
100: 10010000 00010000 00100000 00100100
104: 10000000 00000000 00000000 00000000
108: 10000000 00000000 00000000 00000000
112: 10011110 00000010 00000000 00001111
116: 11011110 00100000 00000000 00001010
120: 10000001 11000000 00000000 00001111
124: 10010100 00000010 10100000 00000100
128: 10000000 00000000 00000000 00000000
132: 11011000 00000001 00111111 11111100
136: 11010110 00000001 00111111 11111000
140: 10000000 10000011 00000000 00001011
144: 00001110 10000000 00000000 00000011
148: 10000000 00000000 00000000 00000000
152: 10001010 00001000 01000000 00000000
156: 11001010 00100000 00000000 00001010
160: 10010100 00000010 10100000 00000100
164: 10001010 00000000 01000000 00001011
168: 00001110 10000000 00000000 00000011
172: 10000000 00000000 00000000 00000000
176: 10001010 00001000 01000000 00000000
180: 11001010 00100000 00000000 00001010
184: 10010100 00000010 10100000 00000100
188: 10001010 10010000 00100000 00000100
192: 00100010 10000000 00000000 00000010
196: 10001010 00010000 00100000 00001111
200: 11001010 00100000 00000000 00001010
204: 00010000 10000000 00000000 00000000
208: 10000000 00000000 00000000 00000000
212: 10100000 00000000 00000000 00000000
216: 11000000 00000000 00000000 00000000
220: 11111111 11111111 11111111 11110101
224: 00000000 00000000 00000000 00010111
228: 00000000 00000000 00000000 00001011
232: 00111100 00111100 00011000 00000000
236: 11111111 11111111 11111111 11111110
240: 11111111 11111111 11111111 10101000
244: 00011111 11111111 11111111 11111110
248: 00000000 00000000 00000000 10000100
252: 00011111 11111111 11111111 11111110
256: 10100000 00000000 00000000 00100010
260: 00000000 00000000 00000000 00000100
264: 00000000 00000000 00000000 00000000
268: 00000000 00000000 00000000 00000000
272: 00000000 00000000 00000000 00000000
276: 00000000 00000000 00000000 00000000
280: 00000000 00000000 00000000 00000000
284: 00000000 00000000 00000000 00000000
288: 00000000 00000000 00000000 00000000
292: 00000000 00000000 00000000 00000000
296: 00000000 00000000 00000000 00000000
300: 00000000 00000000 00000000 00000000
304: 00000000 00000000 00000000 00000000
308: 00000000 00000000 00000000 00000000
312: 00000000 00000000 00000000 00000000
316: 00000000 00000000 00000000 00000000
320: 00000000 00000000 00000000 00000000
324: 00000000 00000000 00000000 00000000
328: 00000000 00000000 00000000 00000000
332: 00000000 00000000 00000000 00000000
336: 00000000 00000000 00000000 00000000
340: 00000000 00000000 00000000 00000000
344: 00000000 00000000 00000000 00000000
348: 00000000 00000000 00000000 00000000
352: 00000000 00000000 00000000 00000000
356: 00000000 00000000 00000000 00000000
360: 00000000 00000000 00000000 00000000
364: 00000000 00000000 00000000 00000000
368: 00000000 00000000 00000000 00000000
372: 00000000 00000000 00000000 00000000
376: 00000000 00000000 00000000 00000000
380: 00000000 00000000 00000000 00000000
384: 00000000 00000000 00000000 00000000
388: 00000000 00000000 00000000 00000000
392: 00000000 00000000 00000000 00000000
396: 00000000 00000000 00000000 00000000
400: 00000000 00000000 00000000 00000000
404: 00000000 00000000 00000000 00000000
408: 00000000 00000000 00000000 00000000
412: 00000000 00000000 00000000 00000000
416: 00000000 00000000 00000000 00000000
420: 00000000 00000000 00000000 00000000
424: 00000000 00000000 00000000 00000000
428: 00000000 00000000 00000000 00000000
432: 00000000 00000000 00000000 00000000
436: 00000000 00000000 00000000 00000000
440: 00000000 00000000 00000000 00000000
444: 00000000 00000000 00000000 00000000
448: 00000000 00000000 00000000 00000000
452: 00000000 00000000 00000000 00000000
456: 00000000 00000000 00000000 00000000
460: 00000000 00000000 00000000 00000000
464: 00000000 00000000 00000000 00000000
468: 00000000 00000000 00000000 00000000
472: 00000000 00000000 00000000 00000000
476: 00000000 00000000 00000000 00000000
480: 00000000 00000000 00000000 00000000
484: 00000000 00000000 00000000 00000000
488: 00000000 00000000 00000000 00000000
492: 00000000 00000000 00000000 00000000
496: 00000000 00000000 00000000 00000000
500: 00000000 00000000 00000000 00000000
504: 00000000 00000000 00000000 00000000
508: 00000000 00000000 00000000 00000000
